#FIG 3.2
Landscape
Center
Inches
Letter  
100.00
Single
-2
1200 2
1 3 0 2 0 7 50 0 -1 0.000 1 0.5236 2400 3600 1082 1082 2400 3600 3000 4500
1 3 1 2 0 7 50 0 -1 6.000 1 0.0000 4800 2400 1082 1082 4800 2400 5400 3300
1 3 0 2 0 7 60 0 -1 0.000 1 0.5236 4800 2400 1082 1082 4800 2400 5400 3300
2 1 0 2 0 7 50 0 -1 0.000 0 0 -1 0 0 2
	 1800 2700 4200 1500
2 1 0 2 0 7 50 0 -1 0.000 0 0 -1 0 0 2
	 3000 4500 5400 3300
2 3 0 2 7 7 55 0 20 0.000 0 0 -1 0 0 7
	 4125 1350 5550 3600 4800 4050 3975 3600 3075 1875 3750 1500
	 4125 1350
2 1 0 1 0 7 50 0 -1 0.000 0 0 -1 0 0 4
	 225 3600 5400 3600 7500 2400 5850 2400
2 1 0 1 0 7 50 0 -1 4.000 0 0 -1 0 0 2
	 3450 3600 5850 2400
2 1 0 1 0 7 50 0 -1 4.000 0 0 -1 0 0 4
	 300 3600 -600 3600 1200 2400 2400 2400
2 1 2 1 0 7 50 0 -1 3.000 0 0 -1 0 0 2
	 2325 2400 5850 2400
2 1 0 1 0 7 50 0 -1 3.000 0 0 -1 0 0 2
	 0 3675 900 3675
2 1 0 1 0 7 50 0 -1 3.000 0 0 -1 0 0 2
	 300 3750 600 3750
